8181400
7928600
7516100
7076100
7112300
7659500
7140600
8091400
8014500
7795900
7976700
8247000
7327900
7437800
7326600
7824500
8212100
7347800
7224900
7640200
7107300
7549800
7444900
7517000
7624200
7459000
7223800
7922400
7213500
7729900
7335900
7971200
8014100
7422400
7159200
7315300
7652000
7429700
7650300
7198900
7583700
7955500
7350500
7408700
7426900
7514900
7619500
8177300
7793400
7570600
7465800
7260600
8077200
7580800
7741200
7636300
7495100
7054800
7939800
7544400
11637700
17714300
7628400
7246800
8037500
7900800
8829600
7355500
7526700
7552700
7607700
7797900
7374000
7436200
7379700
7600500
7444100
7631000
7665300
7514800
7251000
7548800
7722500
7448200
7586700
6962900
7137500
7680500
7460200
7134400
7164500
7509000
7825700
7731200
7242600
7968700
7251600
7890300
7322400
7768300
7251600
7650500
7533700
8070200
7852300
8183700
7944800
7303700
7284600
8990700
7659000
7815100
7317500
7895200
8010700
7567500
7036000
8013100
7565300
7432800
6914400
7585600
7315700
7477000
7268300
7279800
7381000
8068400
7112000
8421800
7713600
7769300
7489600
7403400
7447500
7854500
13515100
7053800
7365400
8585500
8714300
7161300
7484300
8325500
7659500
7828000
7426400
8539700
7532300
7783200
8371900
7707400
7688400
7029300
9032800
11263300
8015300
7369200
7787100
7576400
7936000
7111400
7262000
7109900
7989700
7323800
7199000
7285100
7483100
7533500
7446600
7315500
7599100
7489000
7716600
7337400
7382400
7842900
7454400
7092300
7123900
7312400
8181600
7800600
7176100
7549500
7474100
10193900
7568400
7814600
7900300
7088600
7438200
7238500
7738900
10674700
8483100
8219300
8087300
8236500
8331200
7766800
8313300
7458700
7298700
7272300
7396600
7625600
8712600
7321600
7487500
7444100
8323800
7209500
7190000
7297500
7964200
7330300
7199300
7458000
7893900
7539700
7814300
7536700
7862700
7430400
7772800
7272100
7721300
7703200
7032200
7369400
7661700
8229100
7354100
7100600
7419000
7675300
7743900
9223500
7190500
7725600
8090600
7455500
7433300
7512700
7758800
8253100
7511000
7562300
7726900
7394500
7429800
7056200
7417100
7653300
7294200
7466100
7371100
8125100
7465400
7295900
7375200
7460400
7273400
7348400
7049500
7431200
7961500
8510600
7581100
8112600
7838300
7582300
7463800
7920500
7855800
7822100
7372000
7299600
7354600
8123100
6902000
7214200
7494600
7305900
7508800
7565500
7603600
7546400
7951200
7525400
7479600
8208700
7390500
7811900
7611500
8446900
7813000
8092100
7454100
7339400
8099800
8054100
7582200
7515400
7588600
7710400
7054000
7581100
7302300
7148400
8220300
7653100
7221600
7562000
7501500
7256600
7704200
7294600
7548500
7465500
7160500
7404700
7396700
8288100
8524300
7837300
7546700
7672800
7222800
7188800
7420200
7735000
7273600
7191400
7269100
7660800
7591100
8524700
7592000
7572800
7681500
7167700
7338200
7701700
8199600
8824600
7960700
8267700
8496300
7850600
8450000
7839200
7985500
8005100
8110300
7706500
7995100
8940700
7637500
7993300
8168400
7198500
7510200
8010900
7244700
7984100
7232400
7331100
7362200
8079200
8080200
7847200
7183600
8089900
7678400
8119600
7844700
7708700
7475800
8445600
7487900
8636300
9121500
7293100
7552100
10075500
7335800
7128700
7715600
8274600
7856400
7937200
7420000
7474300
8026800
7404200
7810200
7314600
7704800
7228600
8962500
8637700
8625000
7557200
7277900
7006700
7900900
7466900
7707300
7174300
7940900
7167400
7639400
7192200
8268200
8251200
7635200
7498100
7269700
7417300
7457400
7295600
7178200
7591100
7569500
7486300
7352700
7135300
8281100
7657500
7490600
7253700
7406700
7984300
7420500
7557000
7589700
7526200
7620200
7773500
7587700
8237000
7376500
7363200
7113900
7512500
7566600
7811800
7246200
8376900
8221900
8495600
7833300
7880700
8387900
7416600
7507100
7275800
7516100
7954500
8255500
8451400
7830600
7374900
7924900
7208500
7514900
8627200
7618000
14575500
7937600
21507100
7740700
7755200
7803600
8260600
7733700
8158800
8375200
7387300
7799900
12044400
11600700
7503400
7752800
7668000
7599900
7046900
7248200
7337600
7807600
7397400
7330000
7320600
7935200
7819400
7540200
7951000
7892900
8027900
8041900
7645700
8525400
8863000
8927300
7342500
7924300
8730800
7472100
7955200
8109300
7570200
7772700
7706700
7778100
7899600
7271400
7391000
7231400
7997900
8293300
7196900
7194800
8155500
7575700
7381700
7185800
7137100
7807300
7817700
7893400
7752500
7427200
8438100
7343300
7348800
9959200
7746300
12690800
18203500
9181700
7981100
8164100
9338900
7599800
8067000
8229600
8103600
7641000
7824600
7826800
7802700
7823700
7691100
7761000
7886400
11178300
7436800
7257200
8034200
7134000
7403300
7334600
7266900
7490000
7418400
7155000
7807200
7641200
7512600
7100300
7513500
8327600
7842800
7240600
7961600
7745300
7522500
7401900
7395800
7091700
7909900
7874800
7833500
7378600
8284500
7861600
8289200
7997900
8682800
7731700
8236700
8197400
7981900
7751700
8067700
7536000
8552400
