4050380
2673653
2644989
2609508
2603816
2599600
2593526
2557174
2596531
2571239
2585023
2585951
2553706
2596062
2571978
2563303
2584564
2567307
2557750
2586717
2565405
2554554
2588613
2576714
2599138
2599620
2549315
2564041
2582993
2550991
2619148
2557648
2557849
2549851
2569982
2559668
2558694
2575544
2559531
2569940
2562119
2542254
2546559
2599618
2567035
2595680
2547192
2565322
2568932
2546775
2568458
2555007
2550997
2575050
2572695
2544148
2542317
2541639
2565823
2568391
2547604
2551108
2568591
2542100
2560309
2578812
2551783
2558025
2560667
2540395
2551235
2547606
2540706
2575456
2542022
2585338
2570019
2546258
2585726
2558567
2553708
2563207
2577304
2547587
2561020
2555016
2548889
2553573
2553624
2555092
2554407
2553912
2556546
2555647
2558018
2547527
2570564
2549740
2596222
2592060
2549927
2606846
2555253
2555350
2561028
2546280
2548733
2565191
2547282
5427312
4449329
2556253
2576140
2559952
2545711
2571093
2548931
2543866
2584421
2566504
2561549
2575107
2567834
2621399
2581311
2551465
2553000
2551333
2571022
2576567
2574245
2550086
2568890
11577197
2962795
2959419
2644384
2642240
2617232
2621420
2609234
2543359
2579459
2526792
2500992
2508050
2511427
2525154
2531780
2513202
2526231
2527327
2513458
2530008
2505725
2508593
2506651
2524885
2501681
2512636
2507703
2515839
2518749
2510284
2528212
2521172
2501839
2531184
2496699
2503785
2546538
2496620
2533455
2526694
2498715
2520176
2522841
2511591
2523429
2499911
2499738
2506684
2495685
2499413
2502780
2510483
2506472
2497771
2503555
2519858
2498074
2505418
2550250
2504324
2543904
2517968
2499311
2517225
2504374
2507463
2500341
2497633
2506773
2508399
2498427
2520499
2496492
2505437
2545359
2498329
2535468
2531351
2515299
2563130
2542407
2501287
2523018
2499221
2520925
2533305
2501342
2504114
2507498
2498761
2540032
2519655
2498981
2532535
2519646
2527798
2531108
2500878
2518998
2519360
2495698
2502699
2498856
2508686
2521971
2516010
2578713
2550394
2514292
2538151
2524224
2515275
2560597
2515058
2520714
2504011
2530642
2520139
2500752
2497573
2544995
2537498
2518234
2521588
2496392
2523208
2536518
2497008
2499914
2530589
2499753
2519732
2500643
2499333
2525225
2498521
2523838
2498615
2497731
2544693
2518809
2495346
2508549
2499758
2523530
2500588
2514025
2522060
2522518
2513214
2500130
2497011
2519740
2520815
2495465
2531419
2565710
2545099
2569030
2552154
2542131
2565327
2574268
2539945
2546469
2539987
2543863
2548481
2549804
2548100
2565446
2563168
2570597
2563209
2544760
2571812
2539265
2569549
2562957
2539799
2544779
2557674
2544613
2545948
2544040
2544650
2549849
2548014
2548911
2541344
2543875
2548099
2560942
2541962
2552721
2569651
2543184
2566084
2547235
2543605
2569133
2550155
2540646
2549303
2541550
2546637
2544025
2552316
2545262
2569482
2546523
2547398
2566472
2542854
2573081
2540286
2545062
2543406
2539778
2565268
2555684
2541486
2566515
2566482
2543836
2547805
2563191
2546990
2567737
2540386
2544992
2542528
2541415
2561534
2543855
2544350
2547607
2548938
2543038
2544187
2549544
2545243
2548262
2541629
2542724
2564956
2553027
2548209
2588804
2543607
2584292
2598434
2542933
2569957
2540916
2561756
2569838
2540313
2544414
2572166
2541015
2552115
2565595
2542861
2563811
2547900
2545435
2546438
2541093
2545603
2549158
2546342
2573481
2545440
2544946
2570485
2565820
2544103
2549248
2546747
2567616
2564958
2540380
2545817
2547810
2553050
2546638
2543972
2544463
2550357
2546127
2544142
2566832
2540332
2567585
2561063
2541352
2559138
2576064
2544602
2544613
2564559
2542231
2551330
2543949
2548280
2562836
2542474
2545248
2562306
2539013
2573937
2550620
2541447
2545445
2547074
2541989
2552367
2547058
2545081
2544100
2539554
2549401
2542115
2552581
2563616
2550390
2543381
2565918
2542117
2546421
2589427
2542445
2544703
2543556
2541204
2547146
2552478
2544312
2544759
2549942
2618438
2562497
2542780
2576345
2566446
2542498
2561208
2567595
2542180
2558971
2563494
2541505
2563811
2549847
2541943
2564931
2547240
2541079
2556233
2538902
2562914
2544967
2549048
2568137
2564086
2541735
2547257
2541993
2568346
2551667
2539586
2568828
2560603
2538826
2544313
2555587
2543458
2603947
2563100
2544853
2595588
2544512
2570094
2579548
2541973
2575320
2560302
2541838
2571464
2550975
2542351
2544279
2547852
2542575
2568146
2547286
2543576
2546904
2540680
2546566
2544421
2550511
2547026
2549529
2541901
2548254
2541954
2546062
2571527
2539820
2546587
2561664
2539642
2564766
2579306
2542719
2573322
2568310
2542930
2551688
2543001
2591848
2544128
2540846
2543839
2546476
2541020
2594270
2544068
2541878
2566149
2542224
2564268
2544878
2548016
2568298
2542977
2541526
2542414
2546791
2552034
2544177
2551994
2543595
2544703
2544006
2563040
2554091
2541156
2562489
2544073
2539559
2545897
2556055
2540934
2546582
2541821
2548953
2547088
2541998
2550686
2547041
2540764
2544160
2544191
