6005182
2776026
2681447
2602095
2591637
2557424
2593336
2559688
2555237
2594976
2559335
2555631
2574568
2597431
2545367
2562850
2573125
2553774
2580314
2557743
2549088
2584574
2556314
2577286
2574067
2619592
2570419
2540800
2540567
2563716
2583231
2539608
2550567
2560544
2540530
2568997
2546795
2549658
2578239
2552222
2578140
2556082
2544161
2628852
2564601
2578954
2565134
2564900
2547922
2562977
2538345
2537532
2553463
2550451
2554840
2551579
2539834
2543096
2551350
2538234
2541393
2564212
2538571
2565547
2542392
2571381
2554180
2547087
2571911
2548274
2542158
2556273
2551769
2552356
2567135
2553747
2551272
2586717
2552045
2552444
2567616
2556367
2550390
2563740
2545436
2547419
2569295
2549607
2562176
2566464
2544000
2557487
2544808
2563922
2580700
2546225
2551506
2569150
2567897
2587502
2560226
2543569
2564704
2562963
2542395
2565908
2543037
2557149
2568070
2546730
2551669
2568727
2546664
2573679
2556552
2544922
2587363
2553181
2550772
2572087
2555954
2538271
2559486
2616395
2555675
2567399
2547292
2571172
2586988
2556387
2583148
2570511
2549682
11218893
2667813
2855469
2880229
2914095
2838769
2536674
2575388
2548983
2544814
2503837
2497742
2502612
2505395
2703403
2526202
2500675
2495437
2521952
2523544
2495415
2518257
2492852
2497203
2519148
2492184
2521975
2516429
2495159
2502303
2517297
2495121
2499051
2496352
2518902
2500360
2494006
2522497
2499557
2500653
2517006
2494029
2498639
2502708
2494688
2507971
2498422
2492619
2519145
2493817
2498420
2515693
2501419
2520710
2498181
2494734
2517638
2519141
2495372
2519495
2492896
2501222
2516027
2495408
2522234
2507471
2496742
2516929
2494699
2517212
2520912
2495656
2500439
2514470
2492898
2527646
2502998
2493070
2523250
2495549
2502858
2516146
2495850
2499178
2502666
2496513
2495348
2493132
2496551
2501606
2494627
2503812
2497743
2495582
2502379
2504192
2500164
2499036
2496053
2500751
2497512
2494954
2539418
2492641
2508158
2517009
2499353
2519922
2521062
2495772
2517235
2517235
2493809
2501955
2498404
2515254
2496043
2505699
2522550
2499745
2494748
2533288
2495784
2505631
2518371
2493833
2534430
2518714
2492514
2525217
2524779
2496136
2532886
2494757
2519222
4058901
6097748
4577380
2493636
2516916
2514910
2494045
2519554
2527680
2495211
2516876
2494804
2521202
2516859
2497443
2533104
2521043
2495024
2514423
2492705
2493328
2533364
2539814
2546242
2543208
2541719
2549816
2547575
2544391
2560415
2543036
2538631
2559006
2537827
2571051
2546655
2542333
2542050
2544881
2542635
2583443
2548215
2539027
2558080
2539084
2571416
2541744
2549630
2561652
2566951
2540832
2543297
2562832
2539797
2552901
2542213
2537669
2561405
2536976
2543879
2551324
2541354
2544568
2547460
2540340
2562922
2542768
2543992
2546040
2537614
2541366
2540786
2537739
2554701
2561550
2540516
2543572
2564843
2541444
2546098
2545856
2538332
2562307
2539363
2559882
2558321
2549871
2565289
2543878
2541272
2561719
2546308
2541591
2563329
2540135
2545815
2560589
2539561
2539217
2575922
2542516
2560615
2548385
2540580
2563804
2562841
2543100
2547044
2538754
2557918
2542202
2536150
2574533
2581968
2559144
2563294
2583567
2541788
2563306
2563546
2539388
2546220
2537722
2561906
2566247
2550066
2595257
2560759
2541671
2562950
2567813
2541879
2546188
2540949
2538942
2545574
2538398
2540477
2551315
2541256
2549441
2543701
2542937
2560771
2547884
2543334
2559770
2537865
2558186
2546302
2538704
2568908
2544171
2540732
2549119
2545458
2538779
2544246
2544101
2544063
2542458
2538158
2582423
2563421
2600939
2562853
2562170
2541097
2568131
2560042
2542208
2566923
2536317
2546796
2539897
2538605
2540968
2553311
2543390
2544191
2543018
2542644
2563996
2541823
2546556
2558053
2542383
2546568
2540757
2537201
2549168
2548578
2542740
2544110
2542024
2539617
2549475
2544238
2540032
2560644
2538623
2565488
2560068
2547738
2563308
2566085
2540394
2544238
2541244
2562132
2550655
2538046
2560620
2560642
2538181
2544442
2567711
2539714
2544939
2540087
2568211
2562163
2539143
2548316
2544012
2538463
2560120
2539227
2536951
2575376
2542683
2542170
2542247
2541625
2549752
2542808
2544448
2542442
2543392
2539865
2558033
2541831
2549740
2547584
2574703
2540770
2542895
2542046
2548629
2547741
2539489
2539983
2546073
2536839
2541607
2570945
2539031
2548510
2540023
2562352
2561849
2539398
2551184
2559133
2537043
2559947
2564471
2537771
2552200
2539548
2568179
2547994
2540602
2561636
2543401
2543656
2562640
2540521
2538498
2558961
2562076
2548620
2543317
2541068
2563388
2547484
2540183
2544205
2545620
2538242
2564161
2542359
2537944
2562146
2548145
2562528
2560081
2541263
2547280
2560868
2541649
2545424
2563871
2537626
2557061
2539180
2539567
2575476
2541332
2542308
2544741
2539622
2548503
2562506
2541784
2543118
2563851
2536640
2541906
2535802
2552614
2566574
2539145
2544620
2543921
2539436
2547559
2563152
2539087
2540241
2537154
2546269
