293019
200364
168309
168574
167939
166981
167038
167255
167215
166239
166529
166606
166670
167193
166585
166670
166800
167095
167130
167068
166776
166845
166628
166644
166163
185761
167757
166536
167335
166701
166738
166990
166538
166569
167314
167432
166472
166477
168892
167903
166399
167087
167399
167059
166578
166634
167030
166550
166231
184382
77095
77008
76821
76375
76380
76598
76506
76521
76694
76554
76640
76381
76652
76741
76842
76836
76632
76563
76583
76416
76785
76502
76410
76628
76556
76594
76810
76682
76573
76651
76703
76513
76391
76543
76466
76745
76470
76598
76465
76479
76710
76621
76385
76453
76571
76495
76693
76337
76636
76772
80572
76746
76285
76491
77673
77312
77090
76846
76571
76332
76448
76472
76520
76446
76605
76510
76623
76439
76650
76603
76411
76480
76674
76839
76625
76767
76623
76318
76765
76595
76559
76580
76502
76510
76426
76636
76555
76430
76414
76495
76656
76657
76436
76504
76581
76751
76382
76652
76461
76644
76457
76532
83824
77452
76803
76674
76433
76408
76849
76678
76523
76553
76700
76602
76536
76700
76685
76390
76652
76616
76650
76350
76639
76488
76496
76520
76453
76411
76650
76379
76704
76657
76676
76619
76732
76416
76503
76607
76626
76672
76517
76379
76561
76600
76662
76551
76548
76626
76359
76430
76303
76417
76469
76667
96790
81827
72580
72601
72615
72456
72578
72506
72520
72608
72519
72514
72460
72589
72436
72648
72536
72459
72480
72492
72477
72556
72375
72487
72461
72688
72637
72532
72538
72516
72463
72612
72604
72623
72454
72485
72467
72637
72498
72464
72475
72510
72439
72516
72569
72640
72441
72472
72474
72460
72469
72598
72594
72516
72494
109230
73170
72563
72698
73447
73441
73429
72871
72715
72729
72607
73493
73528
73276
73401
73056
73236
73365
73383
73214
73469
73494
73229
73143
73033
72707
72804
72622
72738
72616
72598
73430
73287
73192
73098
72524
72855
72731
72634
72709
72636
72661
72648
72665
72604
72534
72642
72858
72723
72610
72878
72667
72864
72675
103660
73317
73268
73380
73062
72966
72922
73055
72396
72489
72531
72745
73069
73279
73407
73213
73224
73360
73308
73184
73170
73210
73129
73228
73176
73477
73192
73165
73256
73018
73161
72533
72489
72696
72523
72589
72740
72535
72885
72529
72578
73251
73246
72952
73146
73162
73203
73102
73250
73006
72814
72725
72636
72510
98861
82022
72544
72727
73516
73436
73220
73325
73063
72439
72525
72765
72688
72507
72547
72660
72542
72588
72463
72757
72596
72720
72888
72915
72673
72639
72718
72748
72817
72531
72726
72652
72822
72618
72579
72639
72656
72627
72378
72821
72740
72757
72739
72554
72554
72841
72687
72718
72676
72465
72843
72770
72549
72522
72717
112619
72492
72604
72557
72556
72727
72674
72757
72655
72705
72651
72667
72686
72679
72671
72633
72665
72625
72626
72537
72736
72633
72608
72458
72627
72544
72738
72644
72595
72537
72549
72399
72531
72604
72440
72569
72403
72481
72479
72564
72402
72575
72569
72659
72695
72563
72681
72486
72545
72683
72672
72618
72553
72591
99104
73036
73485
73368
73227
72808
72453
72559
72603
72405
72587
72456
72446
72550
72454
72353
72372
72367
72555
72499
72565
72537
72360
72484
72595
72363
72389
72251
72477
72386
72548
72384
72504
72259
72549
72456
72594
72556
72269
72458
72599
72555
72636
72621
72589
72354
72606
72655
72484
72587
72541
72646
72585
72438
72623
107062
73449
72675
72998
72745
72550
72473
72424
72428
72659
72352
72529
72341
72598
72540
72335
72245
72557
72618
72414
72557
72501
72447
72603
72401
72492
72524
72418
72521
72588
72654
72578
72628
72725
72662
72701
72614
72759
72604
72789
72522
72657
72597
72619
72597
72769
72717
72848
72566
72707
72886
72593
72707
72800
88065
82335
72452
72371
72336
72530
72325
72423
72467
72350
72245
72383
72489
72482
72299
