719
259
576
960
957
1027
1209
1528
1532
1404
1244
1673
1731
1883
2031
1717
1248
1231
2291
1592
2539
2749
2049
2709
2767
2222
2838
3046
3005
2462
3478
3881
3789
3226
4009
4107
3739
4240
4492
4509
4734
3944
4944
4975
4860
4190
5235
4009
5114
5282
5246
5470
3526
5249
5500
5494
5660
5444
5691
6040
5982
5353
5744
6190
6865
6635
5635
6880
6754
6947
6177
6972
7140
6982
6948
6924
7641
7685
7506
7687
8184
7584
8201
8088
8248
8439
8199
8238
7968
8799
8771
8522
7862
8690
8842
9177
9160
9212
9016
9212
9193
9349
8912
9825
10001
9340
10457
9027
10652
10579
9339
10572
10786
10939
11124
11176
11126
10486
11229
10864
10913
11621
11414
11924
11568
11377
12085
12020
12225
11883
12071
12520
12640
12363
12133
13304
13382
12262
13227
11571
13571
13498
13655
13826
13059
13450
13483
14203
14093
14224
13885
14271
14265
14548
14601
13994
14414
14534
15242
15339
14125
15226
14741
15605
15950
15992
16050
16009
15642
16109
16341
16695
16060
16878
16904
17118
17162
16440
14869
17257
17611
17712
17661
17752
17119
17723
17800
15570
17873
17993
18509
17484
18542
17773
17868
18491
18777
18576
18907
18698
19086
18617
19016
19211
19236
19270
18939
19208
19187
19566
19350
19168
19356
19911
19762
19570
19911
20172
20012
20329
20425
19963
21089
19433
20712
20672
21339
21405
21442
21330
21390
21519
21526
21518
20461
21903
22367
22355
22373
21658
21506
22823
22222
22764
22872
22911
23217
22736
23442
23485
22937
23503
23664
23218
23720
23225
22817
24376
24548
23979
23924
24112
24579
24209
25226
24799
24871
24782
25445
25556
25282
25664
25572
25783
24797
25945
25281
25691
26259
26053
26425
26743
26240
26760
26915
26292
26949
26811
27088
26946
26210
27179
27169
26991
27155
27102
27665
27598
27844
27267
27248
28056
27731
28326
28351
27538
28622
28111
28448
28630
28337
28686
29044
29115
28817
29274
28149
29468
29318
28791
28829
29341
29566
29648
29745
29988
29860
29913
30073
30185
29926
30367
30541
30292
29968
30748
30976
30896
31778
30564
31140
31327
32222
32297
32109
32298
30113
32111
32731
32470
32203
32608
33082
33401
32625
33674
33697
33594
32976
33727
33131
34144
33495
33814
34628
34540
33872
34790
33812
34769
34838
35344
34857
34903
35488
35068
35977
34965
36091
36283
36769
36876
37011
35912
35693
37421
37120
36633
37548
37177
37816
37838
35689
37896
38600
37905
38381
38865
39223
38660
38656
37776
39459
39473
39970
40103
39225
40227
40371
39703
40516
40383
40557
40608
40712
40953
40689
40978
41123
39325
41364
41921
37787
41988
42096
42070
40300
42184
42690
42373
42711
41419
41822
43071
43151
43266
43430
43234
43696
43150
42377
43917
42926
44050
44064
43940
44089
43772
44537
44132
44755
45055
45102
44250
43731
45326
45451
45402
45626
45385
44208
46180
45628
45860
46136
46532
45528
46508
46485
46792
47237
46802
47449
46383
47318
47594
47035
47519
47811
47025
47842
47743
47835
47467
47760
48132
48137
47878
47955
48381
48496
48064
48687
48781
48784
48446
47991
48202
48983
48512
49085
48898
49563
49426
49179
49565
49144
49964
49829
49410
50245
50343
50442
50178
50550
50577
49713
50822
50861
49710
50938
50807
51498
50890
51365
50440
51520
51876
51663
51961
51963
51868
51240
52097
51865
52025
51944
52003
52398
52261
52520
52414
52713
52733
52263
52549
53078
52461
53037
52753
53295
53119
52810
53235
53364
53451
53650
53300
53464
53167
53718
53857
53671
53726
54092
53949
53730
54197
54428
54330
54105
54068
55106
54935
54902
55312
55429
55172
55643
55456
55768
55804
55431
55961
56163
54519
54546
56113
56206
56587
56866
56852
56351
56727
57119
57278
57178
57233
58073
57301
57411
58285
55675
58377
57483
58403
58458
58117
58783
58947
58927
58092
59007
58611
59198
59223
58312
58979
59084
59520
59503
59527
59401
59956
59447
59982
60072
60161
60097
59323
60677
59658
60447
60880
61043
61427
61431
60707
61002
61491
60951
61251
61818
61923
62334
61738
62579
61768
62586
62368
62340
62839
62996
62395
63357
63140
63371
62830
63469
63267
63543
63835
64068
63661
63597
64526
63037
63856
65150
65224
65054
64105
65484
65767
65976
65857
65233
66049
66087
65745
66407
66327
65366
66037
66945
66957
66060
66837
66420
68029
67397
66640
66976
68203
68390
68611
67936
68572
68373
68841
68730
68045
69042
68918
69238
68832
69167
68612
68992
69721
70046
70221
69502
70030
69404
70431
69900
70544
70557
70456
70522
70385
71170
71223
70490
71229
70971
71481
71227
71513
71379
71773
71989
72425
71897
70649
71505
70642
73027
72454
72841
73125
73324
73389
73366
72681
73466
73679
73604
73298
73933
73515
74132
73976
73815
74261
72447
74226
74229
74369
74320
74402
74367
74300
75138
74619
73827
74640
75915
75880
75760
75164
75947
76231
76373
76077
76579
76032
76414
75421
76907
75973
77155
76875
76634
77226
77839
77368
78065
78394
78229
78544
78580
76791
78673
78231
79306
77986
79215
79436
78675
79473
79597
79383
78536
79880
80170
80451
80290
80324
79848
80713
80746
80587
80556
80825
79910
80928
80730
81188
80972
81152
81275
81882
82104
80917
81962
82467
82671
82015
81636
82780
82902
83091
82142
82709
83291
82428
83124
83573
83611
83207
83424
83467
82789
83689
84221
84118
84247
84286
84300
83672
84306
84429
84033
84213
84842
85078
84734
85289
84412
84819
85303
85356
85707
86103
86173
86216
86250
85222
86413
86220
84291
86772
87279
86579
85563
87787
86747
88058
86538
88088
87955
88101
88253
88340
88214
88408
88149
87795
88701
88520
89196
88622
89068
89657
89897
87482
90034
88763
90252
90067
90049
90424
90388
90466
90952
90874
90339
90851
91037
90184
91349
91136
91924
91865
91537
91317
91632
92246
91928
92020
92159
92497
92563
92724
92918
92135
92771
92986
92763
93363
92994
93475
93335
93053
93389
93780
93509
93632
93894
93520
94882
94043
94939
94697
94766
93911
95106
95049
95688
95338
95655
96015
96081
95814
96055
95011
95113
96378
96092
97003
97097
96124
97135
97289
97937
96758
97992
98020
96990
98050
96200
97795
98204
98211
98781
98767
98054
98846
98799
98435
98873
98784
98290
99038
99097
98926
98995
99145
98893
99501
99003
99215
99819
99218
99724
99744
99310
99840
