54350
38312
29987
99488
34213
34631
96137
33271
33579
94465
90701
71381
50813
65999
94165
74022
94268
22794
83994
20343
71340
73618
67870
59914
85560
82495
11685
83939
39801
67064
97522
10938
100000
9887
79766
87195
8319
86955
68518
60959
47219
90394
58656
1205
46658
98256
40169
96687
95501
23279
70789
89115
65138
54642
65488
65442
78486
91980
59085
58590
60695
59300
27957
83371
89284
77972
14789
64934
20868
72559
86321
752
9264
81025
68210
33989
45456
41751
43409
6019
43781
33754
70879
98949
70631
53681
79993
75161
62109
23359
22623
70248
5256
35100
19722
98121
63846
58432
22096
82643
14195
51576
16116
38855
19055
43736
44256
88643
8351
80148
77663
10669
54404
50835
73329
92426
26224
56156
72023
73494
82579
97471
44753
43374
16747
19641
75348
84724
97229
73580
74637
33384
58153
11697
57751
60276
80707
76834
80233
67075
72659
96175
20919
27489
96877
45603
19957
99051
21716
7126
28906
76526
66258
2222
6448
57343
91601
47366
98105
41904
45750
44461
71208
97191
4111
88573
37426
70796
60235
48085
84322
54280
12123
48283
54684
59753
58299
68392
57776
91600
64800
44192
70229
66478
89348
53624
85893
59047
52183
51149
3819
28292
24381
8143
1399
9919
63961
11235
25756
43942
67687
68253
50635
43442
22166
72307
88304
383
31737
78570
16434
67468
72569
55411
78402
51178
72524
81826
42176
486
44538
76451
57686
78154
7629
59994
35527
57090
14125
72495
80839
92961
64270
89632
55406
86031
30145
8125
8282
60167
29607
99329
10658
55016
88020
62208
54227
48533
560
42152
23977
1375
61147
20484
36092
42108
55416
20974
39586
92742
24551
24363
16320
67791
94482
29586
78186
66901
30603
51321
52591
20986
22052
97469
67690
44921
21559
27279
97459
96005
66955
51137
3263
36731
88682
96367
13425
52852
63951
29918
15183
83276
12725
98454
94459
77035
43236
19077
48032
4388
45528
29842
9989
14034
323
88179
79736
46520
17500
87509
12380
85080
43571
47559
33977
49480
80757
22289
73897
15882
41619
60818
64480
76303
22671
51397
44198
34932
17993
76209
14695
75404
9601
5659
44343
23040
65153
64827
81402
69161
45575
11876
38359
20745
75251
78476
35731
88050
55685
35671
48356
25219
9851
65113
80136
94493
28953
35248
4227
33330
55890
4754
44818
65540
80453
1430
43938
12495
40144
53744
52136
28547
17436
84366
5422
5955
99457
10262
2496
68968
19230
32319
76103
4126
29008
38971
60250
54422
65684
92901
91049
38662
55868
17694
43124
44161
73921
52153
95795
80870
10136
94007
43673
78088
28157
11880
14817
51109
90893
64639
36292
64459
12362
30594
91709
70836
49258
15576
48301
10420
80527
78491
92049
13914
35802
85753
98607
64503
24297
81837
84991
38839
84595
42227
32470
65246
22738
57146
44582
8524
31137
79716
5884
15046
84009
60563
36834
29274
86457
82412
98088
23417
13697
2815
83557
65599
14630
10934
55722
88772
69584
5151
18970
12506
85984
2332
97154
12883
87613
96628
80106
31905
3266
96022
30470
67142
88815
78164
97039
84776
23024
23547
63674
54793
1969
3733
73918
15732
19479
25049
10583
38242
61752
54092
76864
71623
63150
80353
20960
25608
67147
3435
69705
60819
11492
67543
88373
35654
9888
4367
63604
84816
33824
86923
14326
85226
7679
41582
71556
98800
17799
13264
32146
68348
1988
29641
83807
82813
29696
64212
19171
21127
5149
55235
5180
30165
25785
97752
50732
91576
6559
89330
20346
84724
37045
76634
74456
58535
72729
19586
78041
83735
74487
62624
8405
68793
955
78425
10252
87797
27362
28499
91565
86588
11365
67161
27385
4652
51501
652
40195
74589
87133
1565
55433
38415
70075
70217
88564
50533
97591
29267
6155
20889
34020
35595
17584
88637
64040
94378
96287
6612
14407
64268
99849
59930
52993
49724
56798
38267
24018
86805
14607
30657
6645
42090
98203
14104
90386
60936
11179
62874
45310
20852
22961
14002
27579
68594
24326
86397
1612
45397
954
65834
78984
33812
70107
36231
71177
91723
49082
58750
28357
74368
75708
74626
89611
83599
80979
35035
1408
25063
21797
41896
70509
98686
17865
17181
5184
95529
886
5147
64275
25007
76559
51805
77520
50457
20236
99055
22519
68151
75654
77064
43815
25133
2816
77822
77787
34612
25883
45202
3409
14169
64829
22474
73392
41642
95687
56867
92817
96331
73321
72615
3122
29019
67997
88851
98095
83340
12393
76798
45578
73113
29251
21873
13594
5555
11525
80648
2916
28645
56657
69
69377
72407
14536
96866
78749
48531
94722
78811
74557
70490
92683
26277
54987
57190
37061
42505
48823
87198
30430
24040
52375
77727
54497
99006
39429
72793
37393
30179
84487
38363
35477
82294
45896
78794
64974
8558
39958
8509
29814
20043
99701
35591
31209
63459
52702
39883
11763
47732
71227
57153
82342
27889
44897
13042
3467
75941
1216
85741
44634
42766
52488
14741
24770
42456
79023
14502
44934
71117
67993
96493
60413
5851
14902
50849
3514
16434
60350
89729
60647
62152
78620
8496
27703
39330
56602
77944
16258
91266
1643
41066
59812
91628
95159
51230
74028
64771
65172
55138
57885
12032
85422
93567
83651
71746
21291
65641
12782
52516
33516
78284
92111
44260
19486
81472
30111
29570
18922
72066
26551
89160
35817
34242
30527
19451
31746
72908
31629
57816
26990
88032
46913
41569
5414
32391
52400
10442
56607
93045
21954
99164
4544
37691
78715
56649
65854
71066
34626
71392
52765
53701
92177
78864
85894
45586
9112
75986
10254
50649
81649
70258
14236
54520
84666
46612
35746
67616
18345
43823
2331
8376
49926
94073
92792
87343
6505
94234
26681
81788
70216
45497
85025
22710
50689
19149
40708
51291
61321
80650
30205
40276
5681
31568
29658
17232
88289
9515
7801
71290
46
19918
15807
72716
92735
60275
39881
85537
49326
37476
86230
7460
77193
71851
90077
28430
99922
27794
40399
59463
22
10116
90386
46727
69651
17748
79877
52376
59374
51946
30574
53271
76006
34874
87378
81453
69751
6239
69954
6139
68138
30601
67448
35995
59661
66040
56288
2590
3565
16057
46043
71158
43887
10919
61607
13210
35633
42055
51262
67021
48894
3740
69681
6634
2739
79927
22511
37816
94872
50962
74927
40241
35334
84825
20345
79191
62949
20607
77519
17217
21722
48148
34280
66411
1086
37047
84455
35369
98668
70721
10810
41386
47148
96742
51352
78084
57833
13377
