198744
115544
113774
113727
113078
113091
113266
113148
112940
113128
112994
113143
112898
113011
113057
113004
113085
112823
112879
112949
112608
113190
113036
112981
120972
114118
112785
112699
114078
112964
112986
112889
112703
112693
112720
112917
112844
112696
112960
114799
113890
113134
114236
113652
114527
114285
113607
112797
112654
112655
112758
112673
113001
112812
112841
112923
112658
113054
112811
127557
103883
88174
88172
88081
88265
88267
88087
88000
88350
88083
88062
88270
88069
87948
88168
88095
88375
88031
88074
88235
88392
88022
88149
88054
88158
87973
87967
87912
88015
88250
88141
88212
88141
88212
88141
88287
88094
88253
88133
88271
88051
88005
87977
88231
94555
89474
88916
88031
88155
88227
88098
88103
88009
87986
88103
87955
88036
88168
87980
88081
98020
88270
88128
89362
88993
89051
88244
88194
87958
88035
88176
88041
88179
88267
88275
88007
88091
88004
88242
88174
88279
88171
88122
88215
87901
87985
88113
87999
88070
94454
89163
89175
88796
88059
88637
88034
88236
88130
88080
87988
88244
88364
88166
88246
88070
88209
88426
88046
87934
88032
94611
89237
89011
89033
89038
88469
87971
88441
88164
88119
88278
88385
88315
88308
88179
88018
88217
88091
88245
88091
88272
88087
88269
88086
95747
91456
73032
72468
72297
72487
72184
72167
72277
72540
72291
72241
72375
72288
72276
72057
72181
72167
72228
72258
72439
72298
72282
72227
72195
72224
72196
72269
72276
72197
72180
72287
72269
72218
72296
72308
72144
72322
72362
72248
72411
72454
72388
72261
72396
72363
72376
72279
72394
72332
72185
72434
72292
72353
72317
94263
72590
72404
72610
72532
72294
72372
72295
72352
72173
72252
72268
72237
72197
72253
72305
72240
72197
72293
72260
72217
72197
72253
72260
72224
72192
72290
72265
72223
72192
72252
72264
72218
72197
72295
72260
72218
72197
72253
72260
72218
72197
72289
72260
78443
72464
72206
72252
72329
75667
73373
72426
72444
73502
73528
94677
73057
73165
72501
72675
72393
72211
73264
73428
73481
72475
72257
72502
72279
72203
72246
72371
72340
72224
72194
72246
72133
72385
72382
72272
72250
72269
72350
72243
72190
72304
72367
72135
72346
72235
72210
72309
72327
72167
72299
72451
72322
72172
72279
72397
72177
72287
72322
72172
72287
72387
72188
72296
72371
72318
96591
72250
72406
72310
72303
72165
72076
72133
72231
72212
72366
72175
72384
72463
72333
72318
72196
72391
72325
72359
72330
72194
72234
72291
72147
72341
72291
72156
72271
72246
72390
72314
72272
72341
72205
72248
72392
72489
72145
72447
72275
72233
72298
72382
72304
72323
72345
72265
72272
72249
72328
72256
72321
72072
72211
103913
72601
72247
73180
72367
72539
72373
72636
72465
72343
72218
72368
72239
72283
72368
72309
72186
72312
72132
72462
72199
72186
72461
72285
72265
72133
72225
72213
72488
72290
72421
72104
72223
72271
72247
72358
72273
72341
72095
72183
72185
72297
72445
72340
72416
72104
72209
72258
72239
72289
72348
72172
72264
72391
81279
101020
73191
73156
73321
73084
72909
72470
72486
72344
72332
72210
72438
72351
72327
72449
72226
72222
72336
72116
72344
72431
72213
72209
72309
72238
72180
72242
72108
72308
72384
72332
72367
72243
72171
72425
72512
72313
72165
72195
72479
72240
72185
72302
72198
72410
72284
72368
72312
72450
72217
72155
72398
72250
72250
105958
72944
72489
72194
72617
72311
72349
72215
72119
72200
72286
72288
72225
72189
72478
72225
72340
72269
72356
72337
72498
72366
72316
72238
72322
72209
72405
72239
72562
72393
72302
72195
72252
72292
72272
72185
72131
72174
72307
72267
72220
72195
72397
72470
72326
72254
72171
72249
72293
72339
72191
72103
72240
72242
72334
102852
73042
72852
72560
72161
72143
72397
72176
72121
72132
72100
72135
72107
72310
72421
72298
72276
72354
72331
72284
72254
72391
